F 1824.839883 1880.660829 3.717551
E 0.000000 100.000000 100.000000 0.174533
F 1824.839883 1880.660829 3.717551
E 0.000000 100.000000 100.000000 0.174533
F 1824.839883 1880.660829 3.717551
E 0.000000 100.000000 100.000000 0.174533
F 1824.839883 1880.660829 3.717551
E 0.000000 100.000000 100.000000 0.174533
F 1824.839883 1880.660829 3.717551
E 0.000000 100.000000 100.000000 0.174533
F 1824.839883 1880.660829 3.717551
E 0.000000 100.000000 100.000000 0.174533
F 1824.839883 1880.660829 3.717551
E 0.000000 100.000000 100.000000 0.174533
F 1824.839883 1880.660829 3.717551
E 0.000000 100.000000 100.000000 0.174533
F 1824.839883 1880.660829 3.717551
E 0.000000 100.000000 100.000000 0.174533
F 1824.839883 1880.660829 3.717551
E 0.000000 100.000000 100.000000 0.174533
F 1824.839883 1880.660829 3.717551
E 0.000000 100.000000 100.000000 0.174533
F 1824.839883 1880.660829 3.717551
E 0.000000 100.000000 100.000000 0.174533
F 1824.839883 1880.660829 3.717551
E 0.000000 100.000000 100.000000 0.174533
F 1804.058465 1867.165218 3.717551
E -2.565634 100.000000 100.093474 0.191633
F 1766.886069 1843.025182 3.717551
E -2.565634 100.000000 100.785704 0.238237
F 1729.210438 1818.699084 -2.567886
E -2.565227 100.614161 102.449575 0.277976
F 1691.397536 1794.263968 -2.567886
E -2.565979 100.614156 105.535128 0.312954
F 1691.397536 1794.263968 -2.567886
E -2.565979 100.614156 105.535128 0.312954
F 1653.877757 1770.018271 -2.567886
E -2.566452 100.614154 110.114888 0.343934
F 1616.275577 1745.578789 -2.565634
E -2.566575 101.224592 116.452588 0.372564
F 1578.599946 1721.252690 -2.567886
E -2.566642 101.831371 124.721491 0.399147
F 1540.997766 1696.813207 -2.565634
E -2.566681 102.434556 134.872303 0.424066
F 1540.997766 1696.813207 -2.565634
E -2.566681 102.434556 134.872303 0.424066
F 1503.322134 1672.487109 -2.567886
E -2.566705 103.034209 146.795721 0.447599
F 1465.719954 1648.047626 -2.565634
E -2.566720 103.630393 160.353675 0.469956
F 1465.719954 1648.047626 -2.565634
E -2.566720 103.630393 160.353675 0.469956
F 1428.044322 1623.721527 -2.567886
E -2.566730 104.223166 175.402410 0.491297
F 1390.442142 1599.282045 -2.565634
E -2.566737 104.812587 191.806180 0.511748
F 1352.766511 1574.955946 -2.567886
E -2.566742 105.398712 209.443624 0.531413
F 1315.164331 1550.516463 -2.565634
E -2.566745 105.981595 228.209515 0.550376
F 1277.488699 1526.190365 -2.567886
E -2.566748 106.561290 248.014070 0.568707
F 1277.488699 1526.190365 -2.567886
E -2.566748 106.561290 248.014070 0.568707
F 1239.886519 1501.750882 -2.565634
E -2.566750 107.137849 268.781201 0.586465
F 1202.210887 1477.424783 -2.567886
E -2.566752 107.711321 290.446490 0.603701
F 1164.397986 1452.989667 -2.567886
E -2.566844 107.711320 313.027686 0.620584
F 1164.397986 1452.989667 -2.567886
E -2.566844 107.711320 313.027686 0.620584
F 1126.878207 1428.743971 -2.567886
E -2.566924 107.711320 336.168703 0.636769
F 1089.276027 1404.304488 -2.565634
E -2.566916 108.281755 360.122908 0.652678
F 1051.600395 1379.978390 -2.567886
E -2.566907 108.849200 384.813102 0.668208
F 1013.787493 1355.543274 -2.567886
E -2.566973 108.849201 410.294357 0.683500
F 1013.787493 1355.543274 -2.567886
E -2.566973 108.849201 410.294357 0.683500
F 976.267715 1331.297577 -2.567886
E -2.567033 108.849204 436.205245 0.698228
F 938.665535 1306.858094 -2.565634
E -2.567019 109.413705 462.840145 0.712766
F 900.989903 1282.531996 -2.567886
E -2.567006 109.975309 490.112757 0.727014
F 900.989903 1282.531996 -2.567886
E -2.567006 109.975309 490.112757 0.727014
F 863.387723 1258.092513 -2.565634
E -2.566994 110.534060 518.002004 0.740988
F 825.712092 1233.766415 -2.567886
E -2.566983 111.090002 546.488974 0.754703
F 787.899190 1209.331299 -2.567886
E -2.567031 111.090002 575.661723 0.768275
F 749.793165 1184.706763 -2.567886
E -2.567075 111.090005 605.602851 0.781817
F 749.793165 1184.706763 -2.567886
E -2.567075 111.090005 605.602851 0.781817
F 712.190984 1160.267280 -2.565634
E -2.567062 111.643176 635.732428 0.794828
F 674.515353 1135.941182 -2.567886
E -2.567049 112.193621 666.406628 0.807629
F 636.913173 1111.501699 -2.565634
E -2.567036 112.741378 697.612751 0.820231
F 636.913173 1111.501699 -2.565634
E -2.567036 112.741378 697.612751 0.820231
F 599.237541 1087.175600 -2.567886
E -2.567025 113.286488 729.339087 0.832642
F 561.635361 1062.736118 -2.565634
E -2.567014 113.828987 761.574795 0.844871
F 523.959730 1038.410019 -2.567886
E -2.567003 114.368913 794.309801 0.856925
F 523.959730 1038.410019 -2.567886
E -2.567003 114.368913 794.309801 0.856925
F 486.357549 1013.970536 -2.565634
E -2.566993 114.906302 827.534706 0.868812
F 448.681918 989.644438 -2.567886
E -2.566984 115.441190 861.240719 0.880538
F 411.468703 964.613114 -2.552124
E -2.566714 115.978446 895.418502 0.892217
F 377.464078 935.793039 -2.455305
E -2.564361 116.684010 929.714981 0.907506
F 377.464078 935.793039 -2.455305
E -2.564361 116.684010 929.714981 0.907506
F 345.934246 903.554975 -2.360737
E -2.558589 117.405011 964.542587 0.922617
F 317.797051 868.535463 -2.263918
E -2.549736 118.247776 999.089637 0.937580
F 293.185236 831.166998 -2.169350
E -2.538089 119.382333 1033.101154 0.952047
F 272.211979 791.641487 -2.074782
E -2.523900 121.070462 1066.487098 0.966297
F 272.211979 791.641487 -2.074782
E -2.523900 121.070462 1066.487098 0.966297
F 255.248932 750.420542 -1.977963
E -2.507431 123.600295 1098.883141 0.980431
F 242.105103 707.099556 -1.881144
E -2.488525 127.350923 1130.688143 0.994685
F 233.481608 663.721759 -1.784324
E -2.468129 132.446517 1160.485344 1.008265
F 228.743114 619.056427 -1.692008
E -2.445697 139.297279 1189.334017 1.021649
F 228.743114 619.056427 -1.692008
E -2.445697 139.297279 1189.334017 1.021649
F 232.601956 573.423669 -1.514131
E -2.420519 148.625981 1215.903143 1.043858
F 245.011497 530.378809 -1.322744
E -2.392989 160.500901 1237.315247 1.066980
F 264.504218 490.859466 -1.144866
E -2.363639 175.059279 1253.335987 1.087534
F 264.504218 490.859466 -1.144866
E -2.363639 175.059279 1253.335987 1.087534
F 288.159467 457.105933 -0.994008
E -0.764029 1263.847145 191.174125 1.103475
F 317.427953 426.609017 -0.838647
E -0.733687 1270.187523 209.916586 1.120067
F 350.261202 401.142756 -0.692292
E -0.703504 1272.005293 230.181685 1.135221
F 350.261202 401.142756 -0.692292
E -0.703504 1272.005293 230.181685 1.135221
F 386.376212 380.934259 -0.543686
E -0.673545 1269.472596 251.763862 1.150337
F 424.186138 365.991915 -0.408589
E -0.644595 1262.900390 273.951067 1.163721
F 465.627837 356.799706 -0.250976
E -0.615450 1251.722059 297.656923 1.179762
F 507.257582 353.891897 -0.102369
E -0.588498 1236.381729 321.030772 1.194438
F 507.257582 353.891897 -0.102369
E -0.588498 1236.381729 321.030772 1.194438
F 548.510488 357.189625 0.046237
E -0.564084 1217.250054 343.791047 1.208813
F 589.126481 366.825773 0.199347
E -0.542633 1194.280685 365.755381 1.223574
F 627.871662 382.327448 0.347953
E -0.525270 1168.108228 386.133666 1.237730
F 627.871662 382.327448 0.347953
E -0.525270 1168.108228 386.133666 1.237730
F 669.076894 399.149893 0.381727
E -0.509974 1138.685392 407.080683 1.246218
F 710.651381 415.965789 0.383979
E -0.495725 1109.693461 429.051028 1.254421
F 752.276335 432.656368 0.381727
E -0.482261 1081.845894 452.358977 1.262571
F 793.409079 449.167749 0.381727
E -0.470066 1055.480603 476.675771 1.270480
F 793.409079 449.167749 0.381727
E -0.470066 1055.480603 476.675771 1.270480
F 834.983566 465.983644 0.383979
E -0.459241 1030.001438 502.653504 1.278528
F 876.726201 482.849077 0.383979
E -0.450683 1005.629041 529.966419 1.286586
F 918.792423 499.845251 0.383979
E -0.445148 982.383104 558.792053 1.294718
F 960.417377 516.535830 0.381727
E -0.443867 960.826399 588.589773 1.302616
F 960.417377 516.535830 0.381727
E -0.443867 960.826399 588.589773 1.302616
F 1001.991864 533.351725 0.383979
E -0.448984 940.747958 619.470748 1.310466
F 1043.087327 549.955679 0.383979
E -0.463940 922.494754 650.738757 1.318088
F 1084.829962 566.821113 0.383979
E -0.495166 905.989850 682.923731 1.325905
F 1084.829962 566.821113 0.383979
E -0.495166 905.989850 682.923731 1.325905
F 1126.249011 583.555806 0.383979
E -0.553618 892.421377 714.447391 1.333557
F 1167.991646 600.421240 0.383979
E -0.661310 883.347691 743.969206 1.341285
F 1209.410695 617.155933 0.383979
E -2.411578 767.249076 882.622479 1.348850
F 1251.153330 634.021367 0.383979
E -2.638920 779.651217 895.158415 1.356490
F 1251.153330 634.021367 0.383979
E -2.638920 779.651217 895.158415 1.356490
F 1292.005434 651.668885 0.404243
E -2.818663 780.411856 920.743331 1.364030
F 1331.363589 674.038592 0.501063
E -2.920753 772.384444 954.786466 1.374311
F 1365.683393 703.006920 0.672185
E -2.960144 757.442949 990.904424 1.389949
F 1365.683393 703.006920 0.672185
E -2.960144 757.442949 990.904424 1.389949
F 1393.914001 738.234400 0.863572
E -2.960867 736.689259 1025.663368 1.407510
F 1414.488406 774.776068 1.023437
E -2.941841 713.727708 1054.948954 1.420841
F 1429.636490 813.648084 1.167540
E -2.912827 688.645604 1080.841681 1.432690
F 1429.636490 813.648084 1.167540
E -2.912827 688.645604 1080.841681 1.432690
F 1438.765961 853.829071 1.313895
E -2.878264 662.405278 1102.960938 1.444467
F 1442.323410 894.508457 1.451243
E -2.840271 635.472673 1121.312479 1.455363
F 1439.750772 936.160258 1.599850
E -2.798964 607.563907 1136.195629 1.467284
F 1430.216678 972.241164 1.775476
E -2.760155 582.683826 1145.179866 1.480194
F 1430.216678 972.241164 1.775476
E -2.760155 582.683826 1145.179866 1.480194
F 1414.218845 1005.613429 1.960108
E -2.720132 558.522043 1149.044941 1.493754
F 1392.551787 1035.594933 2.140237
E -2.679549 535.606064 1147.810266 1.506766
F 1365.863908 1061.209559 2.320366
E -2.639413 514.687708 1141.723637 1.519667
F 1365.863908 1061.209559 2.320366
E -2.639413 514.687708 1141.723637 1.519667
F 1333.639834 1081.833017 2.516256
E -2.599393 495.910460 1130.504505 1.534271
F 1298.716430 1095.635447 2.707643
E -2.562623 480.863316 1114.979468 1.548126
F 1262.385145 1102.683600 2.892276
E -2.529837 469.557677 1096.056424 1.561096
F 1222.987572 1106.489106 3.013863
E -2.498699 460.855848 1073.566236 1.569850
F 1222.987572 1106.489106 3.013863
E -2.498699 460.855848 1073.566236 1.569850
F 1178.175451 1112.363688 3.011611
E -2.466361 454.276596 1048.697965 1.576472
F 1134.038183 1118.014601 3.013863
E -2.436997 451.533252 1026.780941 1.582864
F 1089.730098 1123.705047 3.013863
E -2.410684 453.275012 1007.143391 1.589280
F 1089.730098 1123.705047 3.013863
E -2.410684 453.275012 1007.143391 1.589280
F 1044.571870 1129.624475 3.011611
E -2.387509 460.483925 989.527224 1.595922
F 1000.088496 1135.320234 3.013863
E -2.369049 473.306270 974.353455 1.602336
F 955.622481 1141.149969 3.011611
E -0.784860 961.210353 491.893811 1.608724
F 955.622481 1141.149969 3.011611
E -0.784860 961.210353 491.893811 1.608724
F 911.673377 1146.894930 3.011611
E -0.777591 950.104745 515.677341 1.614939
F 867.190002 1152.590689 3.013863
E -0.777518 940.796488 544.760717 1.621278
F 822.723988 1158.420424 3.011611
E -2.357705 578.162861 933.489789 1.627592
F 778.240613 1164.116183 3.013863
E -2.379788 614.949339 928.429642 1.633881
F 733.774599 1169.945919 3.011611
E -2.419602 653.911888 926.148183 1.640147
F 733.774599 1169.945919 3.011611
E -2.419602 653.911888 926.148183 1.640147
F 689.133383 1175.781351 3.011611
E -2.484965 693.535887 927.655408 1.646436
F 644.838223 1181.571548 3.011611
E -2.583467 730.949930 934.782534 1.652605
F 600.197007 1187.406980 3.011611
E -2.718783 763.479770 950.411466 1.658847
F 600.197007 1187.406980 3.011611
E -2.718783 763.479770 950.411466 1.658847
F 555.496302 1192.773238 3.020618
E -2.871526 787.659292 977.184537 1.665084
F 510.725219 1189.228780 -3.091445
E -2.999185 799.138571 1015.696190 1.678015
F 472.395486 1173.136350 -2.807742
E -3.062347 796.189237 1057.974460 1.701651
F 445.677354 1152.411787 -2.573574
E -3.075498 785.472792 1092.622383 1.717459
F 445.677354 1152.411787 -2.573574
E -3.075498 785.472792 1092.622383 1.717459
F 424.105782 1125.462063 -2.334903
E -3.064261 769.111348 1124.958169 1.733740
F 409.807637 1095.426394 -2.107490
E -3.037870 749.638541 1151.323797 1.748462
F 402.731933 1062.361300 -1.873323
E -3.000961 727.327597 1172.031124 1.763850
F 402.731933 1062.361300 -1.873323
E -3.000961 727.327597 1172.031124 1.763850
F 403.813432 1027.833365 -1.630148
E -2.956597 703.023306 1185.925618 1.780183
F 412.492813 995.531002 -1.400484
E -2.910017 679.111777 1192.044732 1.794780
F 428.151944 966.181897 -1.173071
E -2.862377 656.033593 1191.075828 1.809005
F 449.341495 941.494551 -0.954664
E -2.816145 635.039060 1183.673913 1.822132
F 449.341495 941.494551 -0.954664
E -2.816145 635.039060 1183.673913 1.822132
F 475.937988 921.820312 -0.729503
E -2.771008 616.110945 1170.183476 1.835896
F 506.539742 908.379236 -0.504342
E -2.728707 600.077390 1151.260766 1.849621
F 545.925055 889.964688 -0.448052
E -2.677273 582.395294 1123.930693 1.855485
F 545.925055 889.964688 -0.448052
E -2.677273 582.395294 1123.930693 1.855485
F 586.081197 870.793996 -0.445800
E -2.627805 567.475314 1098.556606 1.860919
F 626.387225 851.532332 -0.445800
E -2.581480 556.723476 1076.413588 1.866379
F 667.008144 832.120187 -0.445800
E -2.538501 551.681048 1057.148112 1.871908
F 706.999282 813.009005 -0.445800
E -2.499981 553.670946 1040.782455 1.877252
F 706.999282 813.009005 -0.445800
E -2.499981 553.670946 1040.782455 1.877252
F 747.620201 793.596860 -0.445800
E -2.464657 563.670582 1026.425684 1.882749
F 788.241120 774.184715 -0.445800
E -2.432986 582.130849 1014.011923 1.888230
F 828.547148 754.923051 -0.445800
E -2.404926 608.724368 1003.319507 1.893611
F 869.168067 735.510906 -0.445800
E -2.379786 643.366790 993.927048 1.899061
F 869.168067 735.510906 -0.445800
E -2.379786 643.366790 993.927048 1.899061
F 911.982647 720.303900 -0.355735
E -2.360810 684.707941 984.753826 1.906243
F 955.589538 709.510057 -0.258916
E -2.357092 729.651786 975.125606 1.913529
F 1000.035624 702.982163 -0.162097
E -2.383409 776.481964 965.805909 1.920788
F 1000.035624 702.982163 -0.162097
E -2.383409 776.481964 965.805909 1.920788
F 1044.721871 700.683714 -0.067529
E -2.474700 821.561336 959.362798 1.927891
F 1089.774285 702.608055 0.027039
E -2.695831 857.317486 963.112795 1.935051
F 1133.909014 708.856013 0.123858
E -2.978159 871.033531 988.318433 1.942148
F 1133.909014 708.856013 0.123858
E -2.978159 871.033531 988.318433 1.942148
F 1177.281125 719.946922 0.231936
E -3.135992 865.839602 1031.573401 1.949721
F 1217.832546 739.784383 0.423323
E 3.098808 850.331015 1081.094910 1.962279
F 1253.567477 766.800515 0.614710
E 3.105927 828.569834 1129.278779 1.974676
F 1282.607976 796.786572 0.767819
E 3.135190 805.073187 1171.196919 1.983747
F 1282.607976 796.786572 0.767819
E 3.135190 805.073187 1171.196919 1.983747
F 1306.979093 829.760034 0.902916
E -3.109335 780.521692 1209.214874 1.991611
F 1326.295332 865.342859 1.040265
E -3.065750 755.627865 1243.332607 1.999455
F 1340.577097 904.554110 1.188871
E -3.016929 729.793461 1274.275508 2.008149
F 1353.753596 945.440104 1.247413
E -2.965699 704.159214 1303.754220 2.013487
F 1353.753596 945.440104 1.247413
E -2.965699 704.159214 1303.754220 2.013487
F 1367.949302 987.796562 1.247413
E -2.915205 680.168667 1335.930328 2.018535
F 1382.145009 1030.153020 1.247413
E -2.868148 659.504575 1371.254290 2.023569
F 1396.229811 1072.178568 1.247413
E -2.824165 642.306191 1409.345160 2.028513
F 1396.229811 1072.178568 1.247413
E -2.824165 642.306191 1409.345160 2.028513
F 1410.479546 1115.068916 1.249665
E -2.781628 628.090933 1451.219544 2.033642
F 1424.469687 1157.126071 1.249665
E -2.741830 617.159760 1495.159705 2.038562
F 1438.680146 1199.845543 1.249665
E -2.703278 608.878927 1542.727391 2.043625
F 1452.890604 1242.565015 1.249665
E -2.666519 603.134495 1593.176419 2.048676
F 1452.890604 1242.565015 1.249665
E -2.666519 603.134495 1593.176419 2.048676
F 1466.990904 1284.953329 1.249665
E -2.631760 599.615371 1645.991315 2.053637
F 1477.282345 1329.012937 1.328471
E -2.596837 597.962909 1700.151758 2.059880
F 1483.154670 1373.371243 1.423039
E -2.560917 598.086754 1751.826807 2.066505
F 1483.154670 1373.371243 1.423039
E -2.560917 598.086754 1751.826807 2.066505
F 1484.677281 1417.920013 1.519858
E -2.523665 600.081963 1800.693779 2.073152
F 1481.888078 1463.105060 1.616677
E -2.484534 604.144321 1847.379987 2.079931
F 1474.942556 1506.955569 1.711245
E -2.445096 610.186458 1890.119743 2.086416
F 1474.942556 1506.955569 1.711245
E -2.445096 610.186458 1890.119743 2.086416
F 1460.095795 1549.695566 1.877865
E -2.403382 618.622127 1927.827399 2.096543
F 1437.443669 1588.536603 2.067000
E -2.359886 629.560796 1955.784097 2.108030
F 1410.164513 1621.310378 2.231368
E -0.746412 1972.780222 642.340504 2.117364
F 1380.118161 1650.647970 2.343948
E -0.703598 1982.533639 657.066885 2.123916
F 1380.118161 1650.647970 2.343948
E -0.703598 1982.533639 657.066885 2.123916
F 1348.675733 1682.870077 2.343948
E -0.657229 1992.083111 674.848457 2.128776
F 1317.720784 1714.592616 2.343948
E -0.611404 2005.228335 693.874986 2.133477
F 1283.859447 1744.057595 2.413748
E -0.564789 2019.565474 714.435918 2.139168
F 1247.574459 1769.935887 2.506065
E -0.518073 2031.094356 736.063294 2.145434
F 1247.574459 1769.935887 2.506065
E -0.518073 2031.094356 736.063294 2.145434
F 1208.436946 1792.348262 2.605136
E -0.470287 2038.806290 759.007710 2.152028
F 1167.172174 1810.967785 2.701955
E -0.421788 2042.393205 782.895876 2.158560
F 1124.825732 1825.421934 2.796523
E -0.373316 2041.990845 807.131442 2.164883
F 1124.825732 1825.421934 2.796523
E -0.373316 2041.990845 807.131442 2.164883
F 1081.106203 1835.750087 2.893342
E -0.324098 2037.612372 831.877696 2.171302
F 1037.125319 1841.815506 2.987910
E -0.274876 2029.356968 856.550767 2.177515
F 991.545556 1843.712031 3.084729
E -0.223640 2016.906622 881.935606 2.184044
F 947.562789 1841.297280 -3.103888
E -0.173477 2001.085179 906.299407 2.190149
F 947.562789 1841.297280 -3.103888
E -0.173477 2001.085179 906.299407 2.190149
F 902.961732 1834.651323 -3.009321
E -0.121315 1981.134128 930.926417 2.196454
F 858.894907 1823.529494 -2.910250
E -0.067826 1957.208946 955.246807 2.202968
F 816.406307 1808.425126 -2.815682
E -0.013679 1929.779476 978.726198 2.209236
F 816.406307 1808.425126 -2.815682
E -0.013679 1929.779476 978.726198 2.209236
F 776.067766 1789.459014 -2.718863
E 0.041082 1899.201523 1001.138393 2.215455
F 737.440708 1766.523924 -2.622043
E 0.097737 1864.936369 1022.763690 2.221728
F 700.997703 1739.965865 -2.527476
E 0.156495 1827.372430 1043.359262 2.227943
F 667.775935 1710.513843 -2.432908
E 0.216665 1787.547993 1062.387469 2.233999
F 667.775935 1710.513843 -2.432908
E 0.216665 1787.547993 1062.387469 2.233999
F 636.074174 1678.993992 -2.369863
E 0.281010 1746.007025 1080.266879 2.239242
F 603.850215 1647.803789 -2.372114
E 0.352714 1707.144331 1097.006022 2.243818
F 571.512815 1616.479948 -2.372114
E 0.434458 1674.310076 1112.152451 2.248419
F 571.512815 1616.479948 -2.372114
E 0.434458 1674.310076 1112.152451 2.248419
F 539.426092 1585.398928 -2.372114
E 0.525665 1648.851993 1124.603584 2.252940
F 507.296237 1554.111795 -2.369863
E 0.626451 1631.486893 1133.518443 2.257488
F 475.072279 1522.921592 -2.372114
E 0.733692 1623.355661 1137.979182 2.262027
F 442.484201 1491.354931 -2.372114
E 2.414858 1137.475285 1625.130143 2.266663
F 442.484201 1491.354931 -2.372114
E 2.414858 1137.475285 1625.130143 2.266663
F 413.596205 1456.969822 -2.284301
E 2.521549 1132.084554 1632.757496 2.272508
F 388.659072 1420.659297 -2.189734
E 2.622453 1122.445236 1641.312451 2.278376
F 366.703178 1381.068809 -2.092914
E 2.721654 1108.530203 1650.436461 2.284547
F 366.703178 1381.068809 -2.092914
E 2.721654 1108.530203 1650.436461 2.284547
F 348.649883 1339.746882 -1.998347
E 2.815646 1091.188711 1659.519356 2.290591
F 332.945651 1297.896214 -1.939805
E 2.903744 1071.184005 1669.681792 2.295613
F 316.659888 1256.111215 -1.942056
E 2.985769 1049.141022 1684.636340 2.300076
F 300.626320 1214.602710 -1.939805
E 3.059983 1026.289399 1705.829701 2.304462
F 300.626320 1214.602710 -1.939805
E 3.059983 1026.289399 1705.829701 2.304462
F 284.513547 1172.937784 -1.939805
E 3.127749 1003.160206 1732.631560 2.308874
F 268.227783 1131.152784 -1.942056
E -3.093611 980.436353 1764.739477 2.313312
F 252.067968 1089.318915 -1.939805
E -3.037149 958.713348 1801.436515 2.317741
F 252.067968 1089.318915 -1.939805
E -3.037149 958.713348 1801.436515 2.317741
F 235.529709 1046.883185 -1.942056
E -2.984529 938.042692 1842.993087 2.322301
F 219.449778 1005.579866 -1.942056
E -2.937273 919.490704 1887.323585 2.326610
F 203.289962 963.745997 -1.939805
E -2.892857 902.422860 1935.703737 2.331015
F 203.289962 963.745997 -1.939805
E -2.892857 902.422860 1935.703737 2.331015
F 187.051308 921.755562 -1.939805
E -2.851233 887.029104 1987.580243 2.335444
F 170.765544 879.970563 -1.942056
E -2.812506 873.488586 2042.551169 2.339832
F 154.605729 838.136694 -1.939805
E -2.776166 861.659311 2100.539103 2.344211
F 138.951202 797.978520 -1.942056
E -2.743281 851.821533 2158.962914 2.348249
F 136.678599 791.934828 -1.939805
E -2.738515 850.467334 2167.931661 2.348341
F 136.678599 791.934828 -1.939805
E -2.738515 850.467334 2167.931661 2.348341
F 136.678599 791.934828 -1.939805
E -2.738515 850.467334 2167.931661 2.348341
F 136.678599 791.934828 -1.939805
E -2.738515 850.467334 2167.931661 2.348341
F 136.678599 791.934828 -1.939805
E -2.738515 850.467334 2167.931661 2.348341
F 136.678599 791.934828 -1.939805
E -2.738515 850.467334 2167.931661 2.348341
F 136.678599 791.934828 -1.939805
E -2.738515 850.467334 2167.931661 2.348341
F 136.678599 791.934828 -1.939805
E -2.738515 850.467334 2167.931661 2.348341
