F 1811.280797 1851.341796 3.730403
E -0.597348 79.428793 63.350965 0.100053
W C 1291.0 1881.0 383.0 1458.0 482.0 682.0 1191.0 747.0 1693.0 1043.0 1805.0 190.0
F 1807.814528 1844.901074 3.730406
E -0.617503 69.546253 49.990165 0.081387
W C 1291.0 1881.0 383.0 1458.0 482.0 682.0 1191.0 747.0 1693.0 1043.0 1805.0 190.0
F 1806.397484 1842.333896 3.730251
E -0.625901 62.731790 42.573275 0.071041
W C 1291.0 1881.0 383.0 1458.0 482.0 682.0 1191.0 747.0 1693.0 1043.0 1805.0 190.0
F 1805.516358 1840.379212 3.729872
E -0.630575 57.615633 37.700938 0.064048
W C 1291.0 1881.0 383.0 1458.0 482.0 682.0 1191.0 747.0 1693.0 1043.0 1805.0 190.0
F 1805.100461 1839.003670 3.729464
E -0.633677 53.581732 34.188370 0.058858
W C 1291.0 1881.0 383.0 1458.0 482.0 682.0 1191.0 747.0 1693.0 1043.0 1805.0 190.0
F 1804.621754 1838.074180 3.729266
E -0.635915 50.292181 31.502788 0.054789
W C 1291.0 1881.0 383.0 1458.0 482.0 682.0 1191.0 747.0 1693.0 1043.0 1805.0 190.0
F 1804.319133 1837.478512 3.729140
E -0.637613 47.542427 29.363409 0.051480
W C 1291.0 1881.0 383.0 1458.0 482.0 682.0 1191.0 747.0 1693.0 1043.0 1805.0 190.0
F 1804.102869 1837.085289 3.729068
E -0.638940 45.199347 27.607385 0.048716
W C 1291.0 1881.0 383.0 1458.0 482.0 682.0 1191.0 747.0 1693.0 1043.0 1805.0 190.0
F 1803.955191 1836.788710 3.729006
E -0.640004 43.171689 26.132521 0.046360
W C 1291.0 1881.0 383.0 1458.0 482.0 682.0 1191.0 747.0 1693.0 1043.0 1805.0 190.0
F 1803.872805 1836.446298 3.728830
E -0.640882 41.394430 24.871069 0.044320
W C 1291.0 1881.0 383.0 1458.0 482.0 682.0 1191.0 747.0 1693.0 1043.0 1805.0 190.0
F 1803.769111 1836.291052 3.728817
E -0.641627 39.819873 23.776124 0.042530
W C 1291.0 1881.0 383.0 1458.0 482.0 682.0 1191.0 747.0 1693.0 1043.0 1805.0 190.0
F 1803.745821 1836.097493 3.728740
E -0.642257 38.412306 22.814017 0.040942
W C 1291.0 1881.0 383.0 1458.0 482.0 682.0 1191.0 747.0 1693.0 1043.0 1805.0 190.0
F 1803.822665 1835.936285 3.728630
E -0.642813 37.144191 21.959939 0.039521
W C 1291.0 1881.0 383.0 1458.0 482.0 682.0 1191.0 747.0 1693.0 1043.0 1805.0 190.0
F 1784.553708 1823.022700 3.729156
E -0.631883 35.394469 21.146131 0.070666
W C 1291.0 1881.0 383.0 1458.0 482.0 682.0 1191.0 747.0 1693.0 1043.0 1805.0 190.0
F 1750.237945 1799.887479 3.727677
E -0.613666 33.418424 20.368739 0.090093
W C 1291.0 1881.0 383.0 1458.0 482.0 682.0 1191.0 747.0 1693.0 1043.0 1805.0 190.0
F 1716.610470 1777.133468 -2.553203
E -0.528730 31.938041 21.747000 0.090426
W C 1291.0 1881.0 383.0 1458.0 482.0 682.0 1191.0 747.0 1693.0 1043.0 1805.0 190.0
F 1682.612130 1754.636566 -2.560478
E -0.534000 30.612537 20.943679 0.096425
W C 1291.0 1881.0 383.0 1458.0 482.0 682.0 1191.0 747.0 1693.0 1043.0
F 1684.027611 1756.076517 -2.559490
E -0.553921 29.913076 20.248131 0.075669
W C 1291.0 1881.0 383.0 1458.0 482.0 682.0 1191.0 747.0 1693.0 1043.0
F 1647.690921 1732.794870 -2.561661
E -0.548196 28.609459 19.487583 0.095002
W C 1291.0 1881.0 383.0 1458.0 482.0 682.0 1191.0 747.0 1693.0 1043.0
F 1612.721762 1710.137620 -2.562455
E -0.429729 27.816334 20.768394 0.095574
W C 1291.0 1881.0 383.0 1458.0 482.0 682.0 1191.0 747.0 1693.0 1043.0
F 1579.408071 1688.404328 -2.564904
E -0.301878 27.297969 21.492650 0.095172
W C 1291.0 1881.0 383.0 1458.0 482.0 682.0 1191.0 747.0 1693.0 1043.0
F 1547.343181 1667.331466 -2.567197
E -0.178736 26.884777 21.825846 0.094982
W C 1291.0 1881.0 383.0 1458.0 482.0 682.0 1191.0 747.0 1693.0 1043.0
F 1549.893463 1669.115056 -2.567311
E -0.278701 25.761012 20.982875 0.073640
W C 1291.0 1881.0 383.0 1458.0 482.0 682.0 1191.0 747.0 1693.0 1043.0
F 1514.343584 1646.183480 -2.566223
E -0.111409 25.502356 21.276471 0.093265
W C 1291.0 1881.0 383.0 1458.0 482.0 682.0 1191.0 747.0 1693.0 1043.0
F 1478.748516 1621.716456 -2.549611
E 0.123371 26.320007 21.704037 0.102244
W C 383.0 1458.0 482.0 682.0 1191.0 747.0 1693.0 1043.0
F 1477.975023 1621.570533 -2.554767
E 0.091647 25.669712 21.299112 0.080607
W C 383.0 1458.0 482.0 682.0 1191.0 747.0 1693.0 1043.0
F 1440.717365 1596.171948 -2.554614
E 0.288003 26.666598 21.263802 0.094641
W C 383.0 1458.0 482.0 682.0 1191.0 747.0 1805.0 190.0 1693.0 1043.0
F 1406.061029 1572.850416 -2.560348
E 0.393715 26.104134 20.976405 0.089473
W C 1291.0 1881.0 383.0 1458.0 482.0 682.0 1191.0 747.0 1805.0 190.0 1693.0 1043.0
F 1372.446329 1550.032160 -2.561980
E 0.476977 25.948195 20.645741 0.089176
W C 1291.0 1881.0 383.0 1458.0 482.0 682.0 1191.0 747.0 1805.0 190.0 1693.0 1043.0
F 1336.037798 1525.242511 -2.553926
E 0.519806 27.129970 20.433656 0.094895
W C 383.0 1458.0 482.0 682.0 1191.0 747.0 1805.0 190.0 1693.0 1043.0
F 1301.555653 1501.610198 -2.545130
E 0.557331 28.144497 20.217350 0.095769
W C 383.0 1458.0 482.0 682.0 1191.0 747.0 1805.0 190.0 1693.0 1043.0
F 1301.758942 1501.875465 -2.549000
E 0.536809 27.144666 19.740177 0.074450
W C 383.0 1458.0 482.0 682.0 1191.0 747.0 1805.0 190.0 1693.0 1043.0
F 1264.098726 1477.061125 -2.557380
E 0.573762 28.164542 19.415950 0.094271
W C 383.0 1458.0 482.0 682.0 1191.0 747.0 1805.0 190.0 1693.0 1043.0
F 1228.712765 1453.150726 -2.550380
E 0.598467 29.008218 19.220235 0.095973
W C 383.0 1458.0 482.0 682.0 1191.0 747.0 1805.0 190.0 1693.0 1043.0
F 1192.757570 1429.225840 -2.549934
E 0.625087 27.884941 19.333184 0.096682
W C 383.0 1458.0 482.0 682.0 1191.0 747.0 1805.0 190.0 1693.0 1043.0
F 1192.999766 1429.732836 -2.554496
E 0.607191 26.875819 18.945372 0.075083
W C 383.0 1458.0 482.0 682.0 1191.0 747.0 1805.0 190.0 1693.0 1043.0
F 1156.297266 1405.664931 -2.565141
E 0.641086 26.121892 18.764423 0.100766
W C 383.0 1458.0 482.0 682.0 1191.0 747.0 1805.0 190.0
F 1120.227293 1382.149727 -2.564777
E 0.641999 27.473854 18.510329 0.102876
W C 383.0 1458.0 482.0 682.0 1191.0 747.0 1805.0 190.0
F 1084.969558 1359.317959 -2.564412
E 0.643114 28.562573 18.468685 0.102798
W C 383.0 1458.0 482.0 682.0 1191.0 747.0 1805.0 190.0
F 1049.066669 1336.632968 -2.570380
E 0.662988 27.573016 18.765824 0.103533
W C 383.0 1458.0 482.0 682.0 1191.0 747.0 1805.0 190.0
F 1050.114164 1337.439833 -2.572043
E 0.653038 26.654487 18.459025 0.080916
W C 383.0 1458.0 482.0 682.0 1191.0 747.0 1805.0 190.0
F 1014.137350 1314.716038 -2.573850
E 0.672819 25.816656 18.279426 0.101336
W C 383.0 1458.0 482.0 682.0 1191.0 747.0 1805.0 190.0
F 979.065571 1292.504729 -2.569771
E 0.660095 27.056112 18.076222 0.103002
W C 383.0 1458.0 482.0 682.0 1191.0 747.0 1805.0 190.0
F 944.821173 1271.093495 -2.571122
E 0.654418 28.019223 18.087132 0.102949
W C 383.0 1458.0 482.0 682.0 1191.0 747.0 1805.0 190.0
F 946.797530 1272.888066 -2.573660
E 0.645146 26.927748 17.674932 0.080326
W C 383.0 1458.0 482.0 682.0 1191.0 747.0 1805.0 190.0
F 910.847091 1250.682504 -2.577901
E 0.640989 27.865374 17.578031 0.100634
W C 383.0 1458.0 482.0 682.0 1191.0 747.0 1805.0 190.0
F 875.974297 1229.243046 -2.579034
E 0.638037 28.559274 17.651891 0.102794
W C 383.0 1458.0 482.0 682.0 1191.0 747.0 1805.0 190.0
F 841.612923 1208.238066 -2.577757
E 0.655432 27.267529 18.067492 0.103726
W C 383.0 1458.0 482.0 682.0 1191.0 747.0 1805.0 190.0
F 806.713097 1187.587948 -2.583441
E 0.673374 26.121597 18.352069 0.113311
W C 383.0 1458.0 482.0 682.0 1191.0 747.0
F 806.834395 1188.437282 -2.588546
E 0.664797 25.088326 18.063113 0.089975
W C 383.0 1458.0 482.0 682.0 1191.0 747.0
F 770.830289 1167.304631 -2.592520
E 0.639873 26.198921 17.955306 0.110561
W C 383.0 1458.0 482.0 682.0 1191.0 747.0
F 734.541148 1146.220024 -2.597836
E 0.626116 27.036962 18.160833 0.113391
W C 383.0 1458.0 482.0 682.0 1191.0 747.0
F 700.675982 1126.774025 -2.598247
E 0.619853 27.646554 18.474621 0.113894
W C 383.0 1458.0 482.0 682.0 1191.0 747.0
F 700.745699 1127.987544 -2.606876
E 0.614077 26.620879 18.004996 0.095326
W C 383.0 1458.0 482.0 682.0
F 661.864302 1106.222236 -2.618586
E 0.595171 27.631283 18.234237 0.122530
W C 383.0 1458.0 482.0 682.0
F 624.888270 1085.920403 -2.627935
E 0.582614 28.336259 18.684673 0.127921
W C 383.0 1458.0 482.0 682.0
F 587.766971 1065.433510 -2.632336
E 0.583507 28.760998 19.223862 0.129033
W C 383.0 1458.0 482.0 682.0
F 587.946793 1065.794655 -2.632381
E 0.608975 27.377909 18.575631 0.104040
W C 383.0 1458.0 482.0 682.0
F 550.284679 1045.077941 -2.633835
E 0.615202 27.895212 18.902351 0.124900
W C 383.0 1458.0 482.0 682.0
F 511.894079 1024.214844 -2.638200
E 0.643783 28.187479 19.440793 0.129515
W C 383.0 1458.0 482.0 682.0
F 477.121014 1004.436306 -2.627182
E 0.694809 28.376982 20.099339 0.131638
W C 383.0 1458.0 482.0 682.0
F 442.334132 984.516102 -2.591437
E 0.761016 29.046206 20.791886 0.138758
W C 383.0 1458.0 482.0 682.0
F 443.019952 986.318578 -2.606000
E 2.382446 19.994594 27.344082 0.110913
W C 383.0 1458.0 482.0 682.0
F 407.402443 959.245510 -2.507532
E 2.448647 20.539589 30.072895 0.162318
W C 482.0 682.0
F 374.662097 927.698073 -2.399232
E 2.559700 20.997025 32.319045 0.153697
W C 482.0 682.0 1805.0 190.0
F 346.547373 895.057926 -2.305303
E 2.681268 21.350832 34.089300 0.155115
W C 482.0 682.0 1805.0 190.0
F 321.621236 859.947611 -2.211602
E 2.805519 21.672871 35.442161 0.158427
W C 482.0 682.0 1805.0 190.0
F 321.654606 859.810227 -2.214146
E 2.818001 21.034978 33.895567 0.132820
W C 482.0 682.0 1805.0 190.0
F 299.771641 822.341987 -2.120038
E 2.929512 21.154706 35.099406 0.156160
W C 482.0 682.0 1805.0 190.0
F 281.988283 781.823617 -2.007574
E 3.074518 21.755950 37.991309 0.201264
W C 482.0 682.0
F 269.718814 740.351399 -1.889258
E -3.034803 22.649341 41.726627 0.228030
W C 482.0 682.0
F 260.849989 696.640876 -1.790047
E -2.850748 23.706453 46.345694 0.249988
W C 482.0 682.0
F 260.849989 696.640876 -1.790047
E -2.850748 23.706453 46.345694 0.249988
W C
F 250.857663 659.386146 -1.716651
E -2.783189 25.704914 45.961451 0.208604
W C 1805.0 190.0
F 246.848547 618.542942 -1.612201
E -2.775904 27.709511 47.858389 0.200020
W C 1805.0 190.0
F 245.506973 577.516900 -1.534721
E -2.774511 29.313063 49.824317 0.195170
W C 1805.0 190.0
F 249.330592 576.538763 -1.506116
E -2.810181 28.210167 48.995009 0.138511
W C 1805.0 190.0 1191.0 747.0
F 258.263032 536.550856 -1.390467
E -2.802186 28.411143 50.570533 0.149381
W C 1805.0 190.0 1191.0 747.0
F 273.897765 496.852240 -1.251162
E -2.784806 28.184560 51.974558 0.133845
W C 1805.0 190.0 1191.0 747.0 1693.0 1043.0
F 293.073228 459.872778 -1.134417
E -2.754723 28.218779 53.039658 0.148042
W C 1805.0 190.0 1191.0 747.0
F 295.269604 459.444901 -1.126894
E -2.772484 27.557491 52.329280 0.119659
W C 1805.0 190.0 1191.0 747.0
F 321.709819 425.435529 -0.973196
E -2.731964 27.559186 53.189832 0.146117
W C 1805.0 190.0 1191.0 747.0
F 348.435147 395.257187 -0.875558
E -2.689247 27.776065 53.516811 0.147650
W C 1805.0 190.0 1191.0 747.0
F 381.163338 367.339189 -0.743446
E -2.639210 28.185211 53.886762 0.150796
W C 1805.0 190.0 1191.0 747.0
F 415.126653 343.885731 -0.631895
E -2.589427 28.648978 53.826899 0.149615
W C 1805.0 190.0 1191.0 747.0
F 417.105549 344.201123 -0.624450
E -2.606827 27.909996 52.897033 0.120107
W C 1805.0 190.0 1191.0 747.0
F 457.149951 326.666724 -0.467182
E -2.549094 28.405005 52.626848 0.145096
W C 1805.0 190.0 1191.0 747.0
F 495.352135 312.778310 -0.369612
E -2.488857 29.175649 52.012935 0.148550
W C 1805.0 190.0 1191.0 747.0
F 536.823191 304.697088 -0.235529
E -2.428992 29.919962 51.206339 0.148009
W C 1805.0 190.0 1191.0 747.0
F 541.168316 306.487755 -0.203085
E -2.450400 29.181559 50.102858 0.118812
W C 1805.0 190.0 1191.0 747.0
F 587.566140 303.977749 -0.115881
E -2.386088 29.345643 48.437841 0.120492
W C 1805.0 190.0 1191.0 747.0 1291.0 1881.0
F 633.112419 306.354721 -0.043586
E -0.742500 46.190435 29.671112 0.119853
W C 1805.0 190.0 1191.0 747.0 383.0 1458.0
F 676.353400 310.747158 0.003340
E -0.661616 44.202921 29.951223 0.119084
W C 1805.0 190.0 1191.0 747.0 383.0 1458.0
F 719.769233 315.455509 0.040031
E -0.632433 41.715904 29.600165 0.118716
W C 1805.0 190.0 1191.0 747.0 383.0 1458.0
F 720.067051 317.692946 0.045877
E -0.634255 40.147731 28.851735 0.095659
W C 1805.0 190.0 1191.0 747.0 383.0 1458.0
F 765.340465 321.624334 0.050332
E -0.508718 38.884230 28.945818 0.114794
W C 1805.0 190.0 1191.0 747.0 383.0 1458.0
F 809.876374 326.497497 0.063741
E -0.453961 36.899765 28.275012 0.108199
W C 1805.0 190.0 1191.0 747.0 1291.0 1881.0 383.0 1458.0
F 852.920979 331.108498 0.070567
E -0.393814 35.094136 27.862766 0.117008
W C 1805.0 190.0 1191.0 747.0 383.0 1458.0
F 895.074114 334.983256 0.068472
E -0.247390 34.629853 27.333861 0.107427
W C 1805.0 190.0 1693.0 1043.0 1191.0 747.0 383.0 1458.0
F 896.042237 334.826221 0.059678
E -0.291438 33.470339 26.724424 0.089095
W C 1805.0 190.0 1693.0 1043.0 1191.0 747.0
F 940.922941 337.503456 0.053453
E -0.173167 33.502868 26.189625 0.112708
W C 1805.0 190.0 1693.0 1043.0 1191.0 747.0
F 984.273687 340.296142 0.054842
E -0.133952 32.041962 25.758510 0.116447
W C 1805.0 190.0 1693.0 1043.0 1191.0 747.0
F 1026.034270 343.463223 0.068379
E -0.081045 30.677152 25.280319 0.117554
W C 1805.0 190.0 1693.0 1043.0 1191.0 747.0
F 1026.960407 343.296579 0.056163
E -0.133159 29.628997 24.886927 0.094741
W C 1805.0 190.0 1693.0 1043.0 1191.0 747.0
F 1070.434636 345.903189 0.054950
E -0.057394 28.457061 24.213554 0.114422
W C 1805.0 190.0 1693.0 1043.0 1191.0 747.0
F 1114.467279 348.321284 0.051646
E 0.025119 27.387612 23.672482 0.117251
W C 1805.0 190.0 1693.0 1043.0 1191.0 747.0
F 1157.349295 350.671523 0.054874
E 0.115218 26.424657 23.232751 0.117213
W C 1805.0 190.0 1693.0 1043.0 1191.0 747.0
F 1198.864799 353.160686 0.071438
E 0.217505 25.562697 22.842726 0.117215
W C 1805.0 190.0 1693.0 1043.0 1191.0 747.0
F 1199.025145 352.872683 0.058390
E 0.128529 24.691251 22.504104 0.093842
W C 1805.0 190.0 1693.0 1043.0 1191.0 747.0
F 1242.747984 355.315812 0.057777
E 0.145882 26.079542 21.895557 0.113218
W C 1805.0 190.0 1693.0 1043.0 1191.0 747.0
F 1285.394114 358.088357 0.086246
E 0.154989 27.800406 21.582722 0.120700
W C 1805.0 190.0 1693.0 1043.0 1191.0 747.0
F 1325.047717 363.241977 0.155158
E 0.174404 30.160200 21.386174 0.127307
W C 1805.0 190.0 1693.0 1043.0 1191.0 747.0
F 1324.313656 363.018596 0.147884
E 0.122206 28.694672 20.836859 0.098211
W C 1805.0 190.0 1693.0 1043.0 1191.0 747.0
F 1365.964011 378.086317 0.305126
E 0.179444 31.052632 20.409441 0.115274
W C 1805.0 190.0 1693.0 1043.0 1291.0 1881.0 1191.0 747.0
F 1402.853149 397.975774 0.445420
E 0.232133 31.636625 20.200798 0.112790
W C 1805.0 190.0 1693.0 1043.0 1291.0 1881.0 1191.0 747.0
F 1434.218866 417.516129 0.523467
E 0.289783 31.473738 20.158409 0.111156
W C 1805.0 190.0 1693.0 1043.0 1291.0 1881.0 1191.0 747.0
F 1434.786602 419.860915 0.539963
E 0.247175 29.404558 19.631892 0.089507
W C 1805.0 190.0 1693.0 1043.0 1191.0 747.0
F 1464.976699 447.991394 0.684367
E 0.339879 29.626210 19.699893 0.109461
W C 1805.0 190.0 1693.0 1043.0 1291.0 1881.0 1191.0 747.0
F 1490.391485 477.795769 0.797436
E 0.434899 29.379761 19.976762 0.109923
W C 1805.0 190.0 1693.0 1043.0 1291.0 1881.0 1191.0 747.0
F 1511.549425 505.210733 0.861310
E 0.560523 29.344842 20.549031 0.122823
W C 1805.0 190.0 1693.0 1043.0 1191.0 747.0
F 1526.482007 536.465573 1.004027
E 0.686659 29.530696 20.670406 0.104128
W C 1805.0 190.0 1693.0 1043.0 1291.0 1881.0 383.0 1458.0 1191.0 747.0
F 1523.559599 541.114427 1.049698
E 0.675926 27.188848 19.892788 0.075237
W C 1805.0 190.0 1693.0 1043.0 1291.0 1881.0 383.0 1458.0 1191.0 747.0 482.0 682.0
F 1533.294617 580.675364 1.246408
E 2.455714 20.066574 29.469421 0.105048
W C 1693.0 1043.0 1291.0 1881.0 383.0 1458.0 1191.0 747.0 482.0 682.0
F 1538.486004 620.144020 1.395954
E 2.608817 20.251814 30.866243 0.114160
W C 1693.0 1043.0 1291.0 1881.0 383.0 1458.0 1191.0 747.0
F 1536.090225 660.237068 1.573027
E 2.749332 20.442502 31.963731 0.126585
W C 1693.0 1043.0 383.0 1458.0 1191.0 747.0
F 1534.383837 666.406732 1.607792
E 2.698889 19.793984 30.309939 0.093243
W C 1693.0 1043.0 1291.0 1881.0 383.0 1458.0 1191.0 747.0
F 1523.792812 707.919956 1.789827
E 2.866253 20.314408 30.679306 0.113355
W C 1693.0 1043.0 1291.0 1881.0 383.0 1458.0 1191.0 747.0
F 1508.907062 745.023223 1.932389
E 3.003016 20.822609 30.197780 0.112786
W C 1693.0 1043.0 1291.0 1881.0 383.0 1458.0 1191.0 747.0
F 1490.136284 777.380554 2.066884
E 3.124429 21.258375 29.117456 0.111653
W C 1693.0 1043.0 1291.0 1881.0 383.0 1458.0 1191.0 747.0
F 1470.483612 805.353554 2.135313
E -3.086832 21.388741 27.285679 0.107297
W C 1693.0 1043.0 1291.0 1881.0 383.0 1458.0 1191.0 747.0
F 1464.699970 807.404770 2.201860
E 3.038613 20.670978 24.906199 0.082729
W C 1693.0 1043.0 1291.0 1881.0 383.0 1458.0 1191.0 747.0
F 1431.197334 840.287978 2.316401
E -3.118671 20.919278 23.713305 0.101124
W C 1693.0 1043.0 1291.0 1881.0 383.0 1458.0 1191.0 747.0
F 1396.188489 868.444121 2.395314
E -2.928471 21.172531 22.610707 0.095750
W C 1693.0 1043.0 1291.0 1881.0 383.0 1458.0 482.0 682.0 1191.0 747.0
F 1361.051540 896.151911 2.453762
E 2.785350 20.619676 21.756549 0.104056
W C 1291.0 1881.0 383.0 1458.0 482.0 682.0 1191.0 747.0
F 1356.663243 899.987455 2.451955
E 2.648692 19.567733 21.377723 0.082701
W C 1291.0 1881.0 383.0 1458.0 482.0 682.0 1191.0 747.0
F 1318.785356 929.469474 2.468378
E -2.557182 20.793088 21.200836 0.103566
W C 1291.0 1881.0 383.0 1458.0 482.0 682.0 1191.0 747.0
F 1282.326748 957.155656 2.482325
E -0.639109 23.398527 20.774039 0.112198
W C 1291.0 1881.0 383.0 1458.0 482.0 682.0
F 1246.196903 984.444314 2.488322
E -0.630091 25.329097 20.830614 0.113193
W C 1291.0 1881.0 383.0 1458.0 482.0 682.0
F 1244.825571 985.421753 2.488258
E -0.638485 24.796729 20.430190 0.089533
W C 1291.0 1881.0 383.0 1458.0 482.0 682.0
F 1208.746794 1012.828439 2.490861
E -0.622935 24.291982 20.490240 0.110499
W C 1291.0 1881.0 383.0 1458.0 482.0 682.0
F 1172.612201 1040.316737 2.491439
E -0.626254 26.065355 20.368128 0.113279
W C 1291.0 1881.0 383.0 1458.0 482.0 682.0
F 1136.543106 1068.163493 2.486740
E -0.626706 27.550393 20.424859 0.113388
W C 1291.0 1881.0 383.0 1458.0 482.0 682.0
F 1101.659399 1094.723199 2.490339
E -0.627067 28.787436 20.528728 0.113335
W C 1291.0 1881.0 383.0 1458.0 482.0 682.0
F 1067.408878 1120.834492 2.490663
E -0.625427 29.809748 20.636080 0.113337
W C 1291.0 1881.0 383.0 1458.0 482.0 682.0
F 1066.205477 1121.823048 2.489720
E -0.627274 28.863572 20.147294 0.089558
W C 1291.0 1881.0 383.0 1458.0 482.0 682.0
F 1030.710309 1148.972154 2.489687
E -0.618305 27.987485 20.237882 0.111110
W C 1291.0 1881.0 383.0 1458.0 482.0 682.0
F 995.362280 1176.073048 2.489222
E -0.607052 27.173611 20.296250 0.114112
W C 1291.0 1881.0 383.0 1458.0 482.0 682.0
F 959.830472 1202.466509 2.504004
E -0.585920 26.781616 20.503423 0.128577
W C 383.0 1458.0 482.0 682.0
F 960.154281 1202.824045 2.497812
E -0.596233 26.018220 20.132785 0.097202
W C 1291.0 1881.0 383.0 1458.0 482.0 682.0
F 923.963615 1230.205279 2.498103
E -0.578230 27.911639 19.999617 0.124893
W C 383.0 1458.0 482.0 682.0
F 891.824418 1254.523011 2.537397
E -0.557438 30.673892 20.049552 0.125322
W C 1291.0 1881.0 383.0 1458.0 482.0 682.0
F 861.037163 1272.307537 2.638133
E -0.507475 35.360060 20.082217 0.132624
W C 1291.0 1881.0 383.0 1458.0 482.0 682.0
F 837.526922 1283.706019 2.709856
E -0.471682 37.172796 19.949724 0.128794
W C 1291.0 1881.0 383.0 1458.0 482.0 682.0
F 837.249940 1280.521389 2.755573
E -0.473854 35.242770 19.469450 0.097131
W C 1291.0 1881.0 383.0 1458.0 482.0 682.0
F 805.935397 1282.362977 2.968440
E -0.414079 37.140439 19.331754 0.127391
W C 1291.0 1881.0 383.0 1458.0 482.0 682.0
F 774.273637 1279.151943 -3.116133
E -0.335333 39.062296 19.741707 0.146104
W C 383.0 1458.0 482.0 682.0
F 743.470622 1267.630083 -2.884613
E -0.244349 40.024510 20.622988 0.148044
W C 383.0 1458.0 482.0 682.0
F 743.151132 1265.637431 -2.851520
E -0.262646 38.321278 20.168737 0.114710
W C 383.0 1458.0 482.0 682.0
F 717.428416 1246.378806 -2.624746
E -0.131647 38.052779 21.861376 0.129696
W C 383.0 1458.0 482.0 682.0 1191.0 747.0
F 697.926864 1225.480694 -2.457032
E -0.009466 36.864517 23.610440 0.128929
W C 383.0 1458.0 482.0 682.0 1191.0 747.0
F 682.850366 1202.777084 -2.307282
E 0.134742 35.499606 25.222078 0.128668
W C 383.0 1458.0 482.0 682.0 1191.0 747.0
F 673.565918 1174.943515 -2.096977
E 0.318073 34.202983 26.406351 0.127748
W C 383.0 1458.0 482.0 682.0 1191.0 747.0
F 676.810486 1174.413458 -2.060018
E 0.291090 31.320480 25.372360 0.091227
W C 383.0 1458.0 482.0 682.0 1191.0 747.0 1693.0 1043.0
F 673.052930 1140.746552 -1.802702
E 0.756976 33.109962 26.624718 0.128596
W C 482.0 682.0 1191.0 747.0 1693.0 1043.0
F 671.575049 1109.528831 -1.663556
E 2.640579 26.814361 34.941600 0.130598
W C 482.0 682.0 1191.0 747.0 1693.0 1043.0
F 673.745275 1067.651457 -1.564744
E 2.749926 25.947897 34.918737 0.119258
W C 482.0 682.0 1191.0 747.0 1693.0 1043.0
F 679.707676 1065.877254 -1.493346
E 2.715962 24.970890 33.862807 0.094956
W C 482.0 682.0 1191.0 747.0 1693.0 1043.0
F 688.527105 1022.928031 -1.421951
E 2.817609 24.261638 33.553105 0.112331
W C 482.0 682.0 1191.0 747.0 1693.0 1043.0
F 701.063326 978.720251 -1.343543
E 2.799346 23.279619 31.804728 0.105548
W C 482.0 682.0 1805.0 190.0 1191.0 747.0 1693.0 1043.0
F 713.700500 937.575330 -1.309154
E 2.770484 22.306785 30.020982 0.104788
W C 482.0 682.0 1805.0 190.0 1191.0 747.0 1693.0 1043.0
F 726.078094 898.753065 -1.297090
E 2.727946 21.405576 28.288422 0.104141
W C 482.0 682.0 1805.0 190.0 1191.0 747.0 1693.0 1043.0
F 727.356572 896.489863 -1.298068
E 2.665070 20.578723 27.138019 0.081809
W C 482.0 682.0 1805.0 190.0 1191.0 747.0 1693.0 1043.0
F 740.049054 854.633786 -1.298308
E 2.627383 19.747281 25.628412 0.101987
W C 482.0 682.0 1805.0 190.0 1191.0 747.0 1693.0 1043.0
F 752.836880 812.282494 -1.300153
E 2.558713 19.102524 24.278978 0.104106
W C 482.0 682.0 1805.0 190.0 1191.0 747.0 1693.0 1043.0
F 765.465722 771.545378 -1.302084
E 2.456633 18.590421 23.164337 0.104316
W C 482.0 682.0 1805.0 190.0 1191.0 747.0 1693.0 1043.0
F 778.317579 733.305003 -1.302517
E 0.756383 22.347235 18.144588 0.104914
W C 482.0 682.0 1805.0 190.0 1191.0 747.0 1693.0 1043.0
F 778.956470 732.650491 -1.307109
E 0.684284 21.565499 17.498056 0.081675
W C 482.0 682.0 1805.0 190.0 1191.0 747.0 1693.0 1043.0
F 792.410730 692.636423 -1.277332
E 2.673747 19.950253 21.569861 0.106922
W C 482.0 682.0 1805.0 190.0 1191.0 747.0 1693.0 1043.0
F 807.472103 653.346996 -1.234040
E -2.947698 21.044357 22.827583 0.120839
W C 482.0 682.0 1805.0 190.0 1191.0 747.0
F 826.866881 612.643818 -1.146552
E -2.705107 21.753360 25.799696 0.139449
W C 1805.0 190.0 1191.0 747.0
F 828.387340 612.074650 -1.142248
E -2.734595 21.247191 25.433268 0.114027
W C 1805.0 190.0 1191.0 747.0
F 852.158305 573.127860 -1.051237
E -2.583264 21.653692 27.952555 0.139992
W C 1805.0 190.0 1191.0 747.0
F 877.903457 536.452631 -0.972652
E -2.467665 22.198844 30.097028 0.145625
W C 1805.0 190.0 1191.0 747.0
F 906.615731 502.570593 -0.886373
E -2.372597 22.765221 31.871969 0.147179
W C 1805.0 190.0 1191.0 747.0
F 907.835875 502.393259 -0.883556
E -2.407273 22.241987 30.974152 0.120219
W C 1805.0 190.0 1191.0 747.0
F 941.979084 470.789344 -0.777992
E -0.753403 32.558157 22.328772 0.129112
W C 1805.0 190.0 1693.0 1043.0 1191.0 747.0
F 977.392294 443.260835 -0.667973
E -0.667822 35.094457 22.438369 0.137083
W C 1805.0 190.0 1693.0 1043.0 1191.0 747.0
F 1012.571695 420.328532 -0.571156
E -0.587943 36.934893 22.539583 0.137697
W C 1805.0 190.0 1693.0 1043.0 1191.0 747.0
F 1049.359810 403.582307 -0.450946
E -0.524620 37.507491 22.560041 0.133871
W C 1805.0 190.0 1693.0 1043.0 1191.0 747.0
F 1052.531136 404.110072 -0.432880
E -0.556694 35.798232 22.003210 0.106399
W C 1805.0 190.0 1693.0 1043.0 1191.0 747.0
F 1093.363458 393.282212 -0.301043
E -0.477411 36.089478 21.903083 0.128071
W C 1805.0 190.0 1693.0 1043.0 1191.0 747.0
F 1133.431628 387.085862 -0.187324
E -0.397735 36.080065 21.946176 0.129547
W C 1805.0 190.0 1693.0 1043.0 1191.0 747.0
F 1171.097402 383.567023 -0.104985
E -0.312295 36.059617 22.071055 0.130233
W C 1805.0 190.0 1693.0 1043.0 1191.0 747.0
F 1212.993569 385.593445 -0.009556
E -0.250330 35.248590 22.078160 0.123006
W C 1805.0 190.0 1693.0 1043.0 1191.0 747.0
F 1216.263164 389.984719 0.039361
E -0.287645 33.414673 21.293074 0.093584
W C 1805.0 190.0 1693.0 1043.0 1291.0 1881.0 1191.0 747.0
F 1261.955732 395.608226 0.091430
E -0.257262 31.477596 21.186563 0.115699
W C 1805.0 190.0 1693.0 1043.0 1191.0 747.0
F 1306.478116 404.101463 0.151069
E -0.234261 29.780350 21.061998 0.118161
W C 1805.0 190.0 1693.0 1043.0 1191.0 747.0
F 1348.477821 414.618715 0.209409
E -0.203660 28.712629 21.041352 0.115331
W C 1805.0 190.0 1693.0 1043.0 1291.0 1881.0
F 1349.121633 415.599245 0.219345
E -0.228547 28.137517 20.697004 0.097415
W C 1805.0 190.0 1693.0 1043.0
F 1391.833146 427.173635 0.237308
E -0.106495 29.015444 20.608237 0.111951
W C 1805.0 190.0 1693.0 1043.0 1291.0 1881.0
F 1433.983874 438.661367 0.243218
E -0.117927 28.106522 20.523686 0.113749
W C 1805.0 190.0 1693.0 1043.0 1291.0 1881.0
F 1476.475376 449.212908 0.238036
E -0.143569 27.254899 20.488367 0.127305
W C 1805.0 190.0 1693.0 1043.0
F 1516.506889 460.091457 0.242697
E -0.186935 26.381158 20.355446 0.116467
W C 1805.0 190.0 1693.0 1043.0 1291.0 1881.0
F 1517.026913 460.269033 0.241568
E -0.219287 25.655929 19.969580 0.097767
W C 1805.0 190.0 1693.0 1043.0
F 1561.349806 471.086854 0.238332
E -0.265881 24.920981 19.681152 0.124393
W C 1805.0 190.0 1693.0 1043.0
F 1603.226467 481.982858 0.263292
E -0.121476 26.200639 20.152278 0.133263
W C 1805.0 190.0 1693.0 1043.0
F 1641.564729 493.657377 0.293315
E -0.030189 27.134353 20.670091 0.120766
W C 1805.0 190.0 1693.0 1043.0 1291.0 1881.0
F 1641.746907 495.912220 0.310991
E -0.064646 25.718265 20.030035 0.093357
W C 1805.0 190.0 1693.0 1043.0 1291.0 1881.0
F 1681.309837 514.490743 0.399399
E 0.059301 26.560873 20.497411 0.116961
W C 1805.0 190.0 1693.0 1043.0 1291.0 1881.0
F 1720.424124 537.522107 0.493117
E 0.181469 27.195761 21.184174 0.120718
W C 1805.0 190.0 1693.0 1043.0 1291.0 1881.0
F 1754.918199 558.493958 0.533476
E 0.297741 27.757902 22.209878 0.137169
W C 1805.0 190.0 1693.0 1043.0
F 1754.823855 558.748570 0.534731
E 0.352398 27.310133 21.802179 0.121081
W C 1693.0 1043.0
F 1790.451874 587.316557 0.669451
E 0.565725 30.985175 22.616420 0.148865
W C 1693.0 1043.0 383.0 1458.0
F 1821.446988 619.393803 0.801402
E 0.735039 34.542208 23.271945 0.155805
W C 1693.0 1043.0 383.0 1458.0
F 1847.768905 651.212873 0.892364
E 2.434540 23.650899 36.928904 0.154272
W C 1693.0 1043.0 383.0 1458.0
F 1870.032059 686.906183 0.994449
E 2.541739 23.855209 38.282106 0.149469
W C 1693.0 1043.0 383.0 1458.0
F 1869.491385 687.364635 1.000257
E 2.544282 23.362408 37.979405 0.135507
W C 1693.0 1043.0
F 1890.561565 729.446642 1.072463
E 2.665735 23.537384 37.316434 0.142106
W C 1693.0 1043.0 383.0 1458.0
F 1908.669466 771.665651 1.132711
E 2.786680 23.578328 36.719682 0.142989
W C 1693.0 1043.0 383.0 1458.0
F 1922.182098 817.526845 1.238639
E 2.869306 23.237928 37.078298 0.129394
W C 1291.0 1881.0 1693.0 1043.0 383.0 1458.0
F 1935.089370 863.503282 1.289795
E 2.953962 22.940382 37.168623 0.129402
W C 1291.0 1881.0 1693.0 1043.0 383.0 1458.0
F 1936.079281 869.344854 1.291204
E 2.953179 22.501615 35.605674 0.112619
W C 1291.0 1881.0 1693.0 1043.0
F 1944.065105 919.083733 1.387776
E 3.050972 22.270686 36.183246 0.145940
W C 1291.0 1881.0 1693.0 1043.0
F 1947.644228 968.703628 1.477991
E -3.122575 22.340524 36.334879 0.153423
W C 1291.0 1881.0 1693.0 1043.0
F 1947.262708 1013.770476 1.556046
E -3.019994 22.415620 35.557347 0.136698
W C 1291.0 1881.0 1693.0 1043.0 482.0 682.0
F 1945.389846 1021.443533 1.569586
E -3.041699 21.889854 32.834216 0.109299
W C 1291.0 1881.0 383.0 1458.0 1693.0 1043.0
F 1940.435924 1070.560185 1.655329
E -2.925372 21.983400 33.592587 0.148773
W C 383.0 1458.0 1693.0 1043.0
F 1930.334318 1116.047968 1.755427
E -2.880737 22.416378 34.599377 0.141509
W C 1291.0 1881.0 383.0 1458.0
F 1916.942654 1161.222334 1.841393
E -2.853623 22.927337 36.046212 0.140089
W C 1291.0 1881.0 383.0 1458.0
F 1901.417227 1203.634414 1.915001
E -2.830333 23.372208 37.294270 0.138285
W C 1291.0 1881.0 383.0 1458.0
F 1898.116148 1205.845469 1.933084
E -2.854325 22.666389 36.601611 0.102486
W C 1291.0 1881.0 383.0 1458.0 482.0 682.0
F 1874.892671 1248.210681 2.037509
E -2.814919 22.658274 37.856996 0.119336
W C 1291.0 1881.0 383.0 1458.0 482.0 682.0
F 1851.127195 1287.936207 2.099830
E -2.763201 22.620887 38.767884 0.112036
W C 1291.0 1881.0 383.0 1458.0 482.0 682.0 1191.0 747.0
F 1824.832664 1325.054705 2.172404
E -2.712850 22.557581 39.416357 0.111042
W C 1291.0 1881.0 383.0 1458.0 482.0 682.0 1191.0 747.0
F 1821.902266 1326.242707 2.189168
E -2.728071 21.903218 38.392278 0.086680
W C 1291.0 1881.0 383.0 1458.0 482.0 682.0 1191.0 747.0
F 1790.626338 1360.856887 2.282746
E -2.668839 21.764178 38.949053 0.108715
W C 1291.0 1881.0 383.0 1458.0 482.0 682.0 1191.0 747.0
F 1756.336520 1392.799231 2.375019
E -2.610276 21.755109 39.315532 0.110282
W C 1291.0 1881.0 383.0 1458.0 482.0 682.0 1191.0 747.0
F 1722.077529 1421.508501 2.440200
E -2.552607 21.780770 39.493076 0.109922
W C 1291.0 1881.0 383.0 1458.0 482.0 682.0 1191.0 747.0
F 1687.333830 1447.110255 2.504040
E -2.498890 21.757013 39.526483 0.109275
W C 1291.0 1881.0 383.0 1458.0 482.0 682.0 1191.0 747.0
F 1684.875350 1447.150299 2.522866
E -2.515412 21.110323 38.261769 0.085207
W C 1291.0 1881.0 383.0 1458.0 482.0 682.0 1191.0 747.0
F 1645.358738 1469.571565 2.604302
E -2.458700 20.984781 38.165382 0.104912
W C 1291.0 1881.0 383.0 1458.0 482.0 682.0 1191.0 747.0
F 1603.518216 1489.713441 2.658147
E -2.410780 20.893489 37.854729 0.104476
W C 1291.0 1881.0 383.0 1458.0 482.0 682.0 1191.0 747.0
F 1564.179094 1508.733421 2.679227
E -2.406433 20.739559 36.252426 0.104762
W C 1291.0 1881.0 383.0 1458.0 482.0 682.0 1191.0 747.0
F 1562.967327 1509.087048 2.679682
E -2.424875 20.182263 35.072482 0.082455
W C 1291.0 1881.0 383.0 1458.0 482.0 682.0 1191.0 747.0
F 1522.624565 1528.786190 2.675837
E -2.399336 19.983027 34.411842 0.112714
W C 383.0 1458.0 482.0 682.0 1191.0 747.0
F 1483.221131 1548.115105 2.681807
E -0.780816 34.295430 19.801564 0.104398
W C 1291.0 1881.0 383.0 1458.0 482.0 682.0 1191.0 747.0
F 1443.517013 1567.779557 2.680908
E -0.752004 34.083805 19.565836 0.102854
W C 1291.0 1881.0 383.0 1458.0 482.0 682.0 1191.0 747.0
F 1403.549603 1586.576984 2.696530
E -0.736961 33.502075 19.895835 0.115868
W C 383.0 1458.0 482.0 682.0 1191.0 747.0
F 1403.215569 1586.985481 2.686884
E -0.738301 33.145822 19.587744 0.093411
W C 383.0 1458.0 482.0 682.0 1191.0 747.0
F 1362.629614 1605.443471 2.718940
E -0.645733 34.605817 20.036553 0.119520
W C 383.0 1458.0 482.0 682.0 1191.0 747.0
F 1323.045891 1621.411687 2.766846
E -0.567639 35.962207 20.610767 0.123061
W C 383.0 1458.0 482.0 682.0 1191.0 747.0
F 1281.524540 1634.514208 2.836297
E -0.494766 37.277455 21.193360 0.124285
W C 383.0 1458.0 482.0 682.0 1191.0 747.0
F 1281.391248 1633.920547 2.843519
E -0.504242 36.748816 20.633648 0.098351
W C 383.0 1458.0 482.0 682.0 1191.0 747.0
F 1236.672860 1641.480826 2.949460
E -0.430136 37.887715 21.000234 0.121198
W C 383.0 1458.0 482.0 682.0 1191.0 747.0
F 1193.082256 1646.584768 3.011029
E -0.364252 38.539997 21.428500 0.120958
W C 383.0 1458.0 482.0 682.0 1191.0 747.0
F 1149.418709 1648.704267 3.056156
E -0.304133 39.014184 21.803895 0.118824
W C 383.0 1458.0 482.0 682.0 1191.0 747.0
F 1106.330249 1650.907162 3.076243
E -0.248185 39.413929 22.087929 0.118074
W C 383.0 1458.0 482.0 682.0 1191.0 747.0
F 1106.754405 1650.850692 3.076588
E -0.256821 38.637927 21.497690 0.095002
W C 383.0 1458.0 482.0 682.0 1191.0 747.0
F 1062.460645 1654.123284 3.071113
E -0.220296 37.692434 21.641373 0.115158
W C 383.0 1458.0 482.0 682.0 1191.0 747.0
F 1019.121457 1656.818350 3.079851
E -0.165593 38.325762 21.602489 0.117855
W C 383.0 1458.0 482.0 682.0 1191.0 747.0
F 976.314934 1659.357970 3.087160
E -0.116524 38.938915 21.657652 0.118116
W C 383.0 1458.0 482.0 682.0 1191.0 747.0
F 976.101875 1660.477177 3.074503
E -0.124943 38.147217 21.088470 0.095087
W C 383.0 1458.0 482.0 682.0 1191.0 747.0
F 931.743860 1663.801920 3.075079
E -0.078713 38.885164 20.986128 0.115427
W C 383.0 1458.0 482.0 682.0 1191.0 747.0
F 888.051972 1667.868937 3.062030
E -0.041844 38.192744 21.323432 0.129588
W C 383.0 1458.0 482.0 682.0
F 844.156568 1671.673063 3.063174
E -0.008007 39.093015 21.315789 0.132344
W C 383.0 1458.0 482.0 682.0
F 844.335592 1672.327423 3.057650
E -0.018724 38.391973 20.817961 0.108580
W C 383.0 1458.0 482.0 682.0
F 799.626116 1676.943096 3.048273
E 0.024182 37.851306 20.855832 0.129603
W C 383.0 1458.0 482.0 682.0
F 756.020409 1680.970441 3.055186
E 0.056695 38.902439 20.714541 0.133273
W C 383.0 1458.0 482.0 682.0
F 712.340569 1684.879768 3.061017
E 0.093837 39.913500 20.732076 0.134277
W C 383.0 1458.0 482.0 682.0
F 671.394322 1687.487112 3.077245
E 0.134390 40.776800 20.719198 0.134126
W C 383.0 1458.0 482.0 682.0
F 665.674755 1689.069571 3.071178
E 0.137466 40.078423 20.105736 0.112400
W C 383.0 1458.0 482.0 682.0
F 664.979628 1690.716708 3.056550
E 0.131498 39.341725 19.661904 0.099573
W C 383.0 1458.0 482.0 682.0
F 664.408850 1691.705466 3.049032
E 0.125849 38.648739 19.330272 0.091237
W C 383.0 1458.0 482.0 682.0
F 663.915263 1692.421510 3.044393
E 0.120424 37.995069 19.054704 0.085273
W C 383.0 1458.0 482.0 682.0
F 663.381561 1692.936150 3.041438
E 0.115189 37.377026 18.812264 0.080732
W C 383.0 1458.0 482.0 682.0
F 662.889158 1693.395849 3.039439
E 0.110134 36.791339 18.591668 0.077122
W C 383.0 1458.0 482.0 682.0
F 662.419835 1693.793904 3.038071
E 0.105247 36.235188 18.386812 0.074158
W C 383.0 1458.0 482.0 682.0
F 661.986987 1694.147902 3.037113
E 0.100516 35.706076 18.194004 0.071662
W C 383.0 1458.0 482.0 682.0
